 int RGBTable[20][4] = { 213, 211, 199 ,
  0 ,
       208, 185, 184 ,  4 ,
       210, 172, 169 ,  8 ,
       203, 151, 135 ,  12 ,
       199, 140, 98  ,  16 ,
       168, 107, 63  ,  20  ,
       199, 222, 132 ,  24 ,
       184, 202, 90  ,  28 ,
       167, 177, 66  ,  32 ,
       141, 162, 55  ,  36 ,
       139, 178, 89  ,  40  ,
       116, 175, 100 ,  46 ,
       81 ,149 ,2 ,      53 ,
       43 ,132 ,6 ,      60 ,
       5 ,110, 7 ,      66 ,
       0 ,89 ,0 ,      73 ,  
       2 ,89 ,2 ,      80 ,
       1 ,70 ,1 ,      86 ,
       1 ,60 ,1 ,      93 ,
       0 ,46 ,0 ,      100 };
	   [
	   [[0,4],[213, 211, 199]],
	    [[4,8],[208, 185, 184]]		, 
		[[8,12],[213, 211, 199]],
		[[12,16],[213, 211, 199]],
		[[16,20],[213, 211, 199]],
		[[20,24],[213, 211, 199]],
		[[24,28],[213, 211, 199]],
		[[28,32],[213, 211, 199]],
		[[32,36],[213, 211, 199]],
		[[36,40],[213, 211, 199]],
		[[40,46],[213, 211, 199]],
		[[46,53],[213, 211, 199]],
		[[53,60],[213, 211, 199]],
		[[60,66],[213, 211, 199]],
		[[66,73],[213, 211, 199]],
		[[73,80],[213, 211, 199]],
		[[80,86],[213, 211, 199]],
		[[86,93],[213, 211, 199]],
		[[93,100],[213, 211, 199]],
		[[46,53],[213, 211, 199]],
		[[46,53],[213, 211, 199]]
	   ]